100 0.663737 0.583712 0.001157
200 1.353921 1.169393 0.001679
300 2.002435 1.731458 0.002037
400 2.660083 2.298266 0.002276
500 3.315995 2.906971 0.002486
600 4.006114 3.488089 0.002694
700 4.685206 4.072492 0.002929
800 5.360884 4.648797 0.003135
900 6.039691 5.238059 0.003371
1000 6.723014 5.817004 0.003576
1100 7.397038 6.396416 0.003772
1200 8.070515 6.974616 0.003993
1300 8.743640 7.549506 0.004191
1400 9.419474 8.126758 0.004387
1500 10.094375 8.702404 0.004576
1600 10.762831 9.278948 0.004769
1700 11.445315 9.859540 0.004975
1800 12.123014 10.454696 0.005169
1900 12.801821 11.034437 0.005375
2000 13.479503 11.614891 0.005574
2100 14.151477 12.193984 0.005765
2200 14.829292 12.780466 0.005965
2300 15.501513 13.357604 0.006159
2400 16.183596 13.949193 0.006352
2500 16.854201 14.536833 0.006542
2600 17.531729 15.114471 0.006740
2700 18.206610 15.694535 0.006935
2800 18.892384 16.280261 0.007138
2900 19.573550 16.865134 0.007342
3000 20.253652 17.444360 0.007559
