1000 0.002366
2000 0.009006
3000 0.018574
4000 0.035061
5000 0.055167
6000 0.084929
7000 0.113093
8000 0.149819
9000 0.192737
10000 0.262186
11000 0.316838
12000 0.388694
13000 0.443204
14000 0.548383
15000 0.593700
16000 0.815372
17000 0.868046
18000 0.889639
19000 0.958833
20000 1.232950
21000 1.272149
22000 1.378463
23000 1.492694
24000 1.681306
25000 1.730768
26000 1.842732
27000 1.905859
28000 2.018043
29000 2.116068
30000 2.332614
31000 2.444547
32000 2.714349
33000 2.973341
34000 3.277687
35000 3.112833
36000 3.600487
37000 3.603212
38000 3.641204
39000 4.003744
40000 4.404862
41000 4.851063
42000 4.803462
43000 4.805336
44000 5.016799
45000 5.179212
46000 5.792346
47000 6.133148
48000 5.958880
49000 6.651826
50000 7.167716
