1000 0.000067
2000 0.000092
3000 0.000132
4000 0.000146
5000 0.000223
6000 0.000228
7000 0.000315
8000 0.000361
9000 0.000409
10000 0.000482
11000 0.000562
12000 0.000661
13000 0.000734
14000 0.000828
15000 0.001109
16000 0.001222
17000 0.001363
18000 0.001512
19000 0.001809
20000 0.001755
21000 0.001889
22000 0.002042
23000 0.002211
24000 0.002483
25000 0.002849
26000 0.003166
27000 0.003414
28000 0.003626
29000 0.005064
30000 0.004644
31000 0.004182
32000 0.004575
33000 0.004659
34000 0.004848
35000 0.005327
36000 0.005887
37000 0.006086
38000 0.006313
39000 0.006683
40000 0.006999
41000 0.007298
42000 0.007661
43000 0.008171
44000 0.009092
45000 0.011542
46000 0.009421
47000 0.009126
48000 0.011006
49000 0.010361
50000 0.011221
