20 0.523378 0.508782 0.006796
40 1.173814 1.058231 0.010430
60 1.828014 1.613563 0.011834
80 2.429367 2.188990 0.012947
100 3.083706 2.756726 0.013832
120 3.736713 3.325868 0.014623
140 4.390872 3.888485 0.015361
160 5.051801 4.456350 0.015979
180 5.713032 5.026840 0.016506
200 6.367746 5.596303 0.017034
220 7.029751 6.174905 0.017655
240 7.701113 6.759557 0.018046
260 8.361544 7.335422 0.018537
280 9.029673 7.922904 0.018841
300 9.697466 8.498698 0.019219
320 10.379054 9.082227 0.019620
340 11.051005 9.665148 0.019851
360 11.717959 10.249462 0.020062
380 12.390709 10.829243 0.020448
400 13.064206 11.425901 0.020682
420 13.745516 12.011863 0.020896
440 14.435796 12.605304 0.021275
460 15.114507 13.197397 0.021502
480 15.791624 13.781473 0.021717
500 16.471926 14.369127 0.021933
520 17.152190 14.955591 0.022159
540 17.826463 15.537897 0.022375
560 18.510469 16.128146 0.022586
580 19.191857 16.720275 0.022813
600 19.877312 17.318264 0.023022
620 20.559435 17.911740 0.023236
640 21.239121 18.504224 0.023470
660 21.912071 19.085931 0.023662
680 22.589917 19.677869 0.023872
700 23.271468 20.264927 0.024096
720 23.954976 20.864864 0.024292
740 24.640621 21.457104 0.024497
760 25.325022 22.051628 0.024702
780 26.010301 22.646827 0.024896
800 26.692862 23.246475 0.025105
820 27.376452 23.842156 0.025318
840 28.057015 24.436239 0.025511
860 28.741076 25.030394 0.025695
880 29.425469 25.617607 0.025903
900 30.110928 26.212111 0.026091
920 30.796230 26.801386 0.026292
940 31.477319 27.393817 0.026501
960 32.159965 27.981834 0.026706
980 32.840331 28.573293 0.026899
1000 33.514301 29.157173 0.027109
