100 0.663068 0.565327 0.000874
200 1.329716 1.173155 0.001390
300 2.010691 1.746736 0.001782
400 2.683781 2.325292 0.002017
500 3.360129 2.905144 0.002230
600 4.005671 3.325308 0.002396
700 4.620414 3.908024 0.002626
800 5.297622 4.489918 0.002821
900 5.975055 5.067612 0.003017
1000 6.655787 5.644340 0.003236
1100 7.331870 6.223177 0.003429
1200 8.010027 6.812974 0.003640
1300 8.686424 7.393875 0.003829
1400 9.361949 7.972972 0.004018
1500 10.032619 8.630702 0.004200
1600 10.784001 9.184485 0.004382
1700 11.458894 9.821042 0.004562
1800 12.211431 10.462236 0.004783
1900 12.957348 11.077810 0.004999
2000 13.685048 11.689447 0.005190
2100 14.378634 12.272332 0.005392
2200 15.062614 12.858974 0.005587
2300 15.745101 13.453005 0.005786
2400 16.426193 14.042127 0.005982
2500 17.104930 14.627014 0.006170
2600 17.787810 15.212139 0.006370
2700 18.471487 15.799930 0.006563
2800 19.156292 16.394250 0.006748
2900 19.920343 17.102522 0.006935
3000 20.705207 17.792999 0.007124
3100 21.470536 18.539645 0.007308
3200 22.221091 19.156447 0.007614
3300 22.931313 19.765876 0.007813
3400 23.639091 20.374462 0.008013
3500 24.395152 21.042069 0.008194
3600 25.128477 21.656061 0.008386
3700 25.869512 22.159219 0.008561
3800 26.550568 22.817116 0.008744
3900 27.294237 23.456090 0.008932
4000 27.995048 24.072640 0.009127
4100 28.693469 24.687823 0.009318
4200 29.423381 25.304439 0.009497
4300 30.147188 26.012711 0.009650
4400 30.801246 26.636113 0.009853
4500 31.405337 27.128826 0.010018
4600 32.006262 27.768069 0.010188
4700 32.555661 28.399525 0.010361
4800 33.205843 29.014342 0.010533
4900 33.978852 29.738141 0.010711
5000 34.692282 30.372930 0.010899
